{
 "cells": [
  {
   "cell_type": "code",
   "execution_count": 2,
   "id": "a01c18a3-d347-4483-a467-94b56849cc4d",
   "metadata": {},
   "outputs": [
    {
     "data": {
      "text/html": [
       "<div>\n",
       "<style scoped>\n",
       "    .dataframe tbody tr th:only-of-type {\n",
       "        vertical-align: middle;\n",
       "    }\n",
       "\n",
       "    .dataframe tbody tr th {\n",
       "        vertical-align: top;\n",
       "    }\n",
       "\n",
       "    .dataframe thead th {\n",
       "        text-align: right;\n",
       "    }\n",
       "</style>\n",
       "<table border=\"1\" class=\"dataframe\">\n",
       "  <thead>\n",
       "    <tr style=\"text-align: right;\">\n",
       "      <th></th>\n",
       "      <th>Date</th>\n",
       "      <th>Open</th>\n",
       "      <th>High</th>\n",
       "      <th>Low</th>\n",
       "      <th>Close</th>\n",
       "    </tr>\n",
       "  </thead>\n",
       "  <tbody>\n",
       "    <tr>\n",
       "      <th>0</th>\n",
       "      <td>1/3/2000</td>\n",
       "      <td>1482.15</td>\n",
       "      <td>1592.90</td>\n",
       "      <td>1482.15</td>\n",
       "      <td>1592.2</td>\n",
       "    </tr>\n",
       "    <tr>\n",
       "      <th>1</th>\n",
       "      <td>1/4/2000</td>\n",
       "      <td>1594.40</td>\n",
       "      <td>1641.95</td>\n",
       "      <td>1594.40</td>\n",
       "      <td>1638.7</td>\n",
       "    </tr>\n",
       "    <tr>\n",
       "      <th>2</th>\n",
       "      <td>1/5/2000</td>\n",
       "      <td>1634.55</td>\n",
       "      <td>1635.50</td>\n",
       "      <td>1555.05</td>\n",
       "      <td>1595.8</td>\n",
       "    </tr>\n",
       "    <tr>\n",
       "      <th>3</th>\n",
       "      <td>1/6/2000</td>\n",
       "      <td>1595.80</td>\n",
       "      <td>1639.00</td>\n",
       "      <td>1595.80</td>\n",
       "      <td>1617.6</td>\n",
       "    </tr>\n",
       "    <tr>\n",
       "      <th>4</th>\n",
       "      <td>1/7/2000</td>\n",
       "      <td>1616.60</td>\n",
       "      <td>1628.25</td>\n",
       "      <td>1597.20</td>\n",
       "      <td>1613.3</td>\n",
       "    </tr>\n",
       "  </tbody>\n",
       "</table>\n",
       "</div>"
      ],
      "text/plain": [
       "       Date     Open     High      Low   Close\n",
       "0  1/3/2000  1482.15  1592.90  1482.15  1592.2\n",
       "1  1/4/2000  1594.40  1641.95  1594.40  1638.7\n",
       "2  1/5/2000  1634.55  1635.50  1555.05  1595.8\n",
       "3  1/6/2000  1595.80  1639.00  1595.80  1617.6\n",
       "4  1/7/2000  1616.60  1628.25  1597.20  1613.3"
      ]
     },
     "execution_count": 2,
     "metadata": {},
     "output_type": "execute_result"
    }
   ],
   "source": [
    "import pandas as pd\n",
    "\n",
    "df = pd.read_csv(\"../Dataset/NIFTY50.csv\")\n",
    "df.head()"
   ]
  },
  {
   "cell_type": "code",
   "execution_count": 3,
   "id": "8fd1f2be-328c-4d19-afc4-7bf92d1b8cbf",
   "metadata": {},
   "outputs": [
    {
     "data": {
      "text/plain": [
       "Date     datetime64[ns]\n",
       "Open            float64\n",
       "High            float64\n",
       "Low             float64\n",
       "Close           float64\n",
       "dtype: object"
      ]
     },
     "execution_count": 3,
     "metadata": {},
     "output_type": "execute_result"
    }
   ],
   "source": [
    "df['Date'] = pd.to_datetime(df['Date'])\n",
    "df.dtypes\n"
   ]
  },
  {
   "cell_type": "code",
   "execution_count": 4,
   "id": "0b5fbccf-2785-4ba7-b3d3-53d7785ad4dd",
   "metadata": {},
   "outputs": [],
   "source": [
    "df.to_csv(\"../Dataset/NIFTY50_CLEANED.csv\", index=False)\n"
   ]
  },
  {
   "cell_type": "code",
   "execution_count": 5,
   "id": "2d5dc33a-45df-4814-a1f7-bf84cc79bfae",
   "metadata": {},
   "outputs": [
    {
     "data": {
      "text/html": [
       "<div>\n",
       "<style scoped>\n",
       "    .dataframe tbody tr th:only-of-type {\n",
       "        vertical-align: middle;\n",
       "    }\n",
       "\n",
       "    .dataframe tbody tr th {\n",
       "        vertical-align: top;\n",
       "    }\n",
       "\n",
       "    .dataframe thead th {\n",
       "        text-align: right;\n",
       "    }\n",
       "</style>\n",
       "<table border=\"1\" class=\"dataframe\">\n",
       "  <thead>\n",
       "    <tr style=\"text-align: right;\">\n",
       "      <th></th>\n",
       "      <th>Date</th>\n",
       "      <th>Open</th>\n",
       "      <th>High</th>\n",
       "      <th>Low</th>\n",
       "      <th>Close</th>\n",
       "    </tr>\n",
       "  </thead>\n",
       "  <tbody>\n",
       "    <tr>\n",
       "      <th>0</th>\n",
       "      <td>2000-01-03</td>\n",
       "      <td>1482.15</td>\n",
       "      <td>1592.90</td>\n",
       "      <td>1482.15</td>\n",
       "      <td>1592.2</td>\n",
       "    </tr>\n",
       "    <tr>\n",
       "      <th>1</th>\n",
       "      <td>2000-01-04</td>\n",
       "      <td>1594.40</td>\n",
       "      <td>1641.95</td>\n",
       "      <td>1594.40</td>\n",
       "      <td>1638.7</td>\n",
       "    </tr>\n",
       "    <tr>\n",
       "      <th>2</th>\n",
       "      <td>2000-01-05</td>\n",
       "      <td>1634.55</td>\n",
       "      <td>1635.50</td>\n",
       "      <td>1555.05</td>\n",
       "      <td>1595.8</td>\n",
       "    </tr>\n",
       "    <tr>\n",
       "      <th>3</th>\n",
       "      <td>2000-01-06</td>\n",
       "      <td>1595.80</td>\n",
       "      <td>1639.00</td>\n",
       "      <td>1595.80</td>\n",
       "      <td>1617.6</td>\n",
       "    </tr>\n",
       "    <tr>\n",
       "      <th>4</th>\n",
       "      <td>2000-01-07</td>\n",
       "      <td>1616.60</td>\n",
       "      <td>1628.25</td>\n",
       "      <td>1597.20</td>\n",
       "      <td>1613.3</td>\n",
       "    </tr>\n",
       "  </tbody>\n",
       "</table>\n",
       "</div>"
      ],
      "text/plain": [
       "         Date     Open     High      Low   Close\n",
       "0  2000-01-03  1482.15  1592.90  1482.15  1592.2\n",
       "1  2000-01-04  1594.40  1641.95  1594.40  1638.7\n",
       "2  2000-01-05  1634.55  1635.50  1555.05  1595.8\n",
       "3  2000-01-06  1595.80  1639.00  1595.80  1617.6\n",
       "4  2000-01-07  1616.60  1628.25  1597.20  1613.3"
      ]
     },
     "execution_count": 5,
     "metadata": {},
     "output_type": "execute_result"
    }
   ],
   "source": [
    "df2 = pd.read_csv(\"../Dataset/NIFTY50_CLEANED.csv\")\n",
    "df2.head()\n"
   ]
  },
  {
   "cell_type": "code",
   "execution_count": null,
   "id": "1dfecf64-b634-4851-bbb6-17ab148975b2",
   "metadata": {},
   "outputs": [],
   "source": []
  }
 ],
 "metadata": {
  "kernelspec": {
   "display_name": "Python [conda env:base] *",
   "language": "python",
   "name": "conda-base-py"
  },
  "language_info": {
   "codemirror_mode": {
    "name": "ipython",
    "version": 3
   },
   "file_extension": ".py",
   "mimetype": "text/x-python",
   "name": "python",
   "nbconvert_exporter": "python",
   "pygments_lexer": "ipython3",
   "version": "3.13.9"
  }
 },
 "nbformat": 4,
 "nbformat_minor": 5
}
